47
|
.
a
n
d
.
o
r
.
n
o
t
.
<
=
>
=
=
=
/
=
[
]
(
)
;
,
+
-
*
/
@
"
z
"
9
.
9
9
z
9
Z
_
z
Z
9
 
20 2 14 16 18 22 23 24 25 26 27 28 29 30 31 32 33 36 40 42 43
3 3 7 10
1 4
1 5
1 6
0
1 8
1 9
0
1 11
1 12
1 13
0
1 15
0
1 17
0
2 19 20
0
1 21
0
0
0
0
0
0
0
0
0
0
0
0
2 34 47
3 34 35 47
0
2 36 37
1 38
1 39
0
3 40 41 42
0
3 40 41 42
2 44 45
3 44 45 46
3 44 45 46
3 44 45 46
3 34 35 47
6 AND
9 OR
13 NOT
14 LT
15 LE
16 GT
17 GE
18 ASSIGNOP
19 EQ
21 NE
22 SQO
23 SQC
24 OP
25 CL
26 SEMICOLON
27 COMMA
28 PLUS
29 MINUS
30 MUL
31 DIV
32 SIZE
35 STR
36 NUM
39 RNUM
40 ID
41 ID
42 ID
44 FUNID
45 FUNID
46 FUNID
0 null
1
33
34
36
37
38
40
42
43
44
45
46
47
0